0101110 1001111 0110110 0001100 0001111 1110101 0110100 0110010 0100110 0111000 1010110 0010111 0101111 0111010 0111001
1000110 1001101 1010110 0110100 0110010 0010100 0101110 0111100 0111001 0000011 0110011 1010110 1010110 0000110 0000001
0000001 1000011 0000001 1000010 0010010 0001101 1000010 0111000 1100011 0010110 0010111 0101011 1000011 0110000 1111010
0111101 0111110 0110101 1010110 0110001 0110001 0110111 0010000 0110111 0110010 1110110 0111011 0111110 0110011 0110111
1000000 0110010 0100100 0101011 1001010 0001001 0111000 0011110 1001010 0101011 0011010 0011111 0110110 0111000 0110010
011100 0110100 1110100 1010100 0101101 0110000 0111100 0110010 1001001 0011110 0111001 0100010 0111101 1101110 0110000
1110001 1011110 0100111 1010110 0001000 0010100 1111111 1110000 0111110 0100000 0011001 0001011 1110111 0110101 0110101
1011000 1110100 0110111 0000111 1101001 1110110 0101100 0001101 1000011 0110000 0110100 0100111 0111011 0100100 0111001
0101000 1010100 0001011 0010001 0001010 1010110 0001010 1110110 1001001 1111100 1001001 0011110 0111011 0101110 1111010
1010110 0111011 0111011 0111101 0111100 0010000 0101100 0111111 0110000 0111100 0111000 1101011 1010111 0101111 0111110
0111010 0011000 0111000 1100001 1101011 0110110 1000110 1100110 0111101 1100010 0111101 1110101 1111000 0011111 1011111
1111001 0110000 1110110 0111111 1100110 0110101 0111101 0110111 1111011 0110110 0111000 0110000 0010001 1000110 0110000
0110000 1010110 0100001 0111011 1101111 0011010 1000111 0110100 1011110 0110100 0110111 0101101 0101101 1110000 0110101
0100011 0011011 1000110 1010110 0000001 1010001 0000001 0110110 0111000 0101001 1111101 1000011 0110000 0111110 0110110
0111100 0001000 0010110 0010010 0011010 1000110 0101111 0111101 0111110 0101101 0110011 0110010 0110010 1010101 0011001
0110110 0110010 0100011 0110110